2.32800000
2.21200000
2.22000000
2.30100000
2.38700000
2.30800000
2.42200000
2.41700000
2.39500000
2.50100000
2.50000000
2.50800000
2.60200000
2.58300000
2.59000000
2.70200000
2.70600000
2.74400000
2.81500000
2.91600000
2.80700000
2.93000000
2.92700000
2.92100000
2.99400000
2.99500000
2.99000000
3.07500000
3.08000000
3.07300000
3.20800000
3.19100000
3.19000000
3.39900000
3.28700000
3.27500000
3.50000000
3.40000000
3.40500000
3.51000000
3.54300000
3.50600000
3.61000000
3.06000000
2.72000000
2.81700000
2.78700000
2.79100000
2.87300000
2.85700000
2.86300000
2.94500000
2.91800000
2.91200000
2.99000000
3.00500000
3.06200000
3.10300000
3.08000000
3.08500000
3.14900000
3.13200000
3.13200000
3.21100000
3.22500000
3.24600000
3.32500000
3.28300000
3.31700000
3.37300000
3.36000000
3.39600000
3.46300000
3.40800000
3.41300000
3.50300000
3.50500000
3.49300000
3.57400000
3.57900000
3.67100000
3.66300000
3.65100000
3.65700000
3.73100000
3.73400000
3.72900000
3.82300000
3.80500000
3.81000000
3.88800000
3.88300000
3.87900000
4.05300000
3.97200000
3.98200000
4.05400000
4.05300000
4.04100000
4.13100000
4.11300000
4.10500000
4.19700000
4.19000000
4.19300000
4.38300000
4.26700000
4.26400000
4.31200000
4.31200000
4.31700000
4.41700000
4.40000000
4.40500000
4.48900000
4.46800000
4.48200000
4.68000000
4.57300000
4.61200000
4.67500000
4.64600000
4.63400000
4.78600000
4.63700000
4.74100000
4.63500000
4.64900000
4.81300000
4.65400000
4.63800000
4.79600000
4.62400000
4.72800000
4.61800000
4.63000000
4.68900000
4.62800000
4.62700000
7.07300000
4.56200000
4.71300000
4.85400000
4.72100000
4.29800000
5.28200000
5.01600000
4.28800000
5.01100000
4.89700000
4.86400000
4.55400000
4.93800000
4.94100000
5.00900000
4.31300000
4.40400000
4.80400000
4.57700000
4.57100000
4.73500000
5.04800000
4.88000000
5.03900000
4.88500000
5.20800000
4.96800000
4.87400000
4.95200000
5.01300000
5.09900000
5.03000000
4.57400000
4.62900000
4.70500000
4.55900000
4.57600000
4.70800000
4.69500000
4.56400000
5.02500000
5.03600000
5.12900000
5.16900000
5.01200000
5.17300000
5.23700000
5.22200000
5.41100000
5.11900000
5.67300000
5.96800000
10.76100000
81.94700000
12.71800000
10.88500000
7.56200000
5.76200000
8.57600000
6.15100000
24.67000000
168.84400000
52.19900000
50.00800000
154.33900000
223.28400000
5.71300000
5.71000000
8.25300000
5.79000000
6.80200000
42.59800000
20.43500000
137.28400000
10.55600000
5.87600000
5.90600000
112.40100000
6.00400000
129.46900000
6.79900000
6.03700000
6.86700000
25.48500000
11.15600000
6.00900000
5.37100000
5.70000000
5.28600000
10.96200000
5802.99100000
5.19600000
9.60600000
12.47500000
5.52300000
33.76300000
5.94900000
6.72000000
5.48000000
8.78100000
5.87000000
7.26600000
5.35100000
6.06300000
6.03600000
6.08500000
26.15400000
6.13700000
7.99100000
5.74200000
5.83200000
15.97600000
5.94400000
6.12200000
5.82000000
6.75400000
7.79300000
5.59700000
6.48900000
7.57100000
5.54200000
5.35400000
5.15900000
5.25500000
5.74700000
6.42300000
5.84600000
5.27500000
6.10300000
5.68600000
7.00300000
49.62900000
5.42000000
6.97800000
5.38400000
5.76900000
10.98000000
6.13300000
6.52000000
5.53600000
32.65800000
5.74000000
10.41800000
6.25200000
5.40900000
8.35300000
7.60200000
5.13200000
19.50500000
5.79100000
5.32400000
5.39700000
5.83600000
6.02800000
5.59900000
5.18200000
5.82500000
5.24000000
6.30800000
5.32200000
5.77600000
5.60900000
5.64600000
5.96100000
24.30200000
