0.00800000
0.00700000
0.01000000
0.01000000
0.00900000
0.01000000
0.01300000
0.01100000
0.01000000
0.01000000
0.01200000
0.01000000
0.01100000
0.01200000
0.01200000
0.01300000
0.01300000
0.01200000
0.01500000
0.01300000
0.01600000
0.01400000
0.01500000
0.01300000
0.01600000
0.02000000
0.01300000
0.01600000
0.01700000
0.01500000
0.01600000
0.02800000
0.01500000
0.01700000
0.01800000
0.01700000
0.02200000
0.01600000
0.02000000
0.01900000
0.01900000
0.02100000
0.02000000
0.01900000
0.01900000
0.02500000
0.02500000
0.02200000
0.02500000
0.02300000
0.02200000
0.02300000
0.02800000
0.02900000
0.03100000
0.03100000
0.04400000
0.02500000
0.02600000
0.02500000
0.02600000
0.02900000
0.02800000
0.06400000
0.02700000
0.03800000
0.02900000
0.02700000
0.05800000
0.04300000
0.07200000
0.02400000
0.05400000
0.05400000
0.04200000
0.03200000
0.03200000
0.04600000
0.03600000
0.25700000
0.11800000
0.03900000
0.05200000
0.05100000
0.05600000
0.06600000
0.09300000
0.26700000
0.13400000
0.04300000
0.28200000
0.08000000
0.08000000
0.04100000
0.18000000
0.15400000
0.11400000
0.43300000
0.08000000
0.04900000
0.24500000
0.06400000
0.06600000
0.29400000
0.15300000
0.08800000
0.15600000
4.82500000
0.27900000
0.31300000
0.06600000
0.92400000
0.44400000
2.14400000
0.13900000
1.62500000
0.31600000
1.27600000
4.04100000
4.83200000
1.30800000
1.02400000
3.11400000
3.14000000
1.05400000
3.11600000
1.68400000
5.51700000
2.61700000
4.49500000
0.57700000
3.12900000
1.05500000
3.11500000
1.68300000
5.51100000
2.62700000
4.42400000
0.57300000
8028.22100000
0.15100000
0.21100000
14.88400000
1.31700000
0.05100000
61.97600000
2.77600000
0.04300000
115.73300000
4.26000000
14.29400000
0.87600000
186.15600000
55.05200000
3.45900000
0.04700000
0.03600000
1.26700000
0.39000000
1.25200000
0.83100000
35.45300000
11.32700000
10.17400000
2.86100000
7.78900000
3.29900000
28.06700000
11.04700000
28.05900000
40.23800000
21.09700000
0.13600000
0.47300000
2.31800000
0.17700000
1.03900000
0.79800000
0.18700000
0.22800000
115.72200000
4.41800000
3.60100000
4.25500000
19.57800000
2.53600000
1.07100000
112.60500000
1.40400000
11.79800000
54926.83700000
881.77200000
0.17500000
1593.27300000
111.29400000
215.78900000
244.34300000
613.77600000
0.41100000
0.20300000
81.63500000
1818.43000000
14445.14200000
860.44400000
7.77700000
1333.06800000
20889.49300000
5613.59800000
523.70700000
151.90200000
8027.97900000
2767.28300000
71.54400000
339.81300000
91460.68500000
243.70400000
5494.74800000
4562.72800000
3718.95800000
9088.50700000
719.21900000
105.86600000
47.12400000
172.99800000
4801.57900000
770.80600000
4607.00900000
2190.40100000
0.21400000
16.47900000
3972.78300000
123.03300000
3652.00600000
1404.03900000
5.02000000
1592.37000000
92.60600000
295.18100000
138.99100000
36.94300000
67.42300000
10.07600000
14.49100000
2218.08800000
108.19100000
6030.09400000
221.11200000
28.47700000
1204.49800000
40.15100000
94180.05800000
347.50800000
132.29200000
9.64200000
50.11800000
6848.33300000
366.60700000
86.76000000
341.81100000
968.46900000
1007.95100000
193.25700000
4.00700000
12.08400000
603.27100000
97.36800000
175.75500000
625.79600000
83.91600000
15.95000000
34.55000000
3993.62300000
229.23700000
2825.79200000
1.91700000
325.86300000
55.60200000
46.84000000
401.94300000
1522.58600000
18469.10900000
64.15900000
388.55700000
60.45200000
31.84400000
1641.07700000
22.21300000
399.03100000
34.75500000
75.70800000
200.86700000
94.45100000
1319.31500000
52.44500000
36.48400000
4.89400000
76.69600000
27.64700000
9549.53800000
1.44400000
131.04300000
14.99700000
377.36300000
490.26500000
8001.60200000
