0.15400000
0.11700000
0.11900000
0.12100000
0.11800000
0.11900000
0.11800000
0.11800000
0.11800000
0.12000000
0.12000000
0.12200000
0.12000000
0.12000000
0.11800000
0.12000000
0.12000000
0.11900000
0.12100000
0.12100000
0.12100000
0.12100000
0.12500000
0.12100000
0.12000000
0.12200000
0.12700000
0.12100000
0.12100000
0.12100000
0.12100000
0.12300000
0.12100000
0.12100000
0.12200000
0.12200000
0.12300000
0.13300000
0.12400000
0.12400000
0.12200000
0.12400000
0.12500000
0.12400000
0.12300000
0.12400000
0.12600000
0.12300000
0.12500000
0.12400000
0.12800000
0.12800000
0.12600000
0.12600000
0.12600000
0.12800000
0.12800000
0.12700000
0.12800000
0.12800000
0.12800000
0.12900000
0.12700000
0.13000000
0.13700000
0.13300000
0.13200000
0.12900000
0.13200000
0.13100000
0.13200000
0.13300000
0.14000000
0.13200000
0.13100000
0.13700000
0.13100000
0.13400000
0.13600000
0.14000000
0.13600000
0.13900000
0.13600000
0.13400000
0.13800000
0.13700000
0.13900000
0.14000000
0.14000000
0.14900000
0.14000000
0.13800000
0.14200000
0.13900000
0.13900000
0.14300000
0.14200000
0.14400000
0.14100000
0.14300000
0.14100000
0.15300000
0.14100000
0.14400000
0.14300000
0.14300000
0.14500000
0.14700000
0.14400000
0.14800000
0.14800000
0.14900000
0.14700000
0.16600000
0.15100000
0.15300000
0.14900000
0.15200000
0.15100000
0.17000000
0.15300000
0.15600000
0.15400000
0.23400000
0.23000000
0.17800000
0.15400000
0.15800000
0.15300000
0.18400000
0.15300000
0.23300000
0.23000000
0.17800000
0.16200000
0.15900000
0.15300000
0.18600000
0.15200000
0.28600000
0.15300000
0.15600000
0.15900000
0.15400000
0.14100000
0.17700000
0.16000000
0.14300000
0.16100000
0.21100000
0.16000000
0.15100000
0.15900000
0.15900000
0.16000000
0.15100000
0.13900000
0.15700000
0.15000000
0.15500000
0.15700000
0.16000000
0.15600000
0.16400000
0.16000000
0.16100000
0.15800000
0.15900000
0.16300000
0.15900000
0.16500000
0.16200000
0.14900000
0.15000000
0.15200000
0.14700000
0.15000000
0.16100000
0.15300000
0.14900000
0.16200000
0.18500000
0.16300000
0.16100000
0.16100000
0.16400000
0.16400000
0.18400000
0.21300000
0.19800000
0.18300000
0.48100000
3.27400000
5.45500000
0.97800000
3.68000000
1.47700000
0.39400000
2.28900000
0.49400000
7.03100000
10.12500000
1.42600000
1.01800000
3.19800000
9.60700000
0.18100000
0.17900000
1.68100000
0.61700000
0.27500000
1.37200000
0.67000000
1.36200000
1.08900000
0.22000000
0.32400000
0.71600000
0.36200000
0.83700000
0.54700000
1.14100000
1.45800000
0.61200000
1.07200000
0.31000000
0.22900000
0.18200000
0.22600000
0.78800000
2.96600000
0.16500000
0.46000000
0.39300000
0.42700000
1.39200000
0.49000000
0.43600000
0.19700000
0.62600000
0.81500000
0.28100000
0.34100000
0.27700000
0.55300000
0.34000000
1.72600000
0.27600000
0.51900000
0.56000000
0.34900000
1.05400000
0.47300000
0.60700000
0.60100000
0.49600000
0.67300000
0.40200000
3.40000000
0.78500000
0.40300000
0.20400000
0.30500000
0.34500000
0.57500000
0.69100000
0.41000000
0.18000000
0.92900000
0.38500000
0.84600000
1.23100000
0.26800000
0.82600000
0.17000000
0.57500000
0.65300000
0.99100000
1.05200000
0.48700000
1.23300000
0.31200000
0.76200000
0.55600000
0.62300000
1.27000000
0.36500000
0.20100000
0.92600000
0.36000000
0.38200000
0.31400000
0.29800000
0.38200000
0.28800000
0.16500000
1.34400000
0.26500000
0.95100000
0.20600000
0.37500000
0.77900000
0.48400000
0.44100000
1.97600000
