0.05200000
0.03300000
0.03100000
0.03300000
0.03300000
0.03200000
0.03400000
0.03400000
0.03300000
0.03600000
0.03600000
0.03400000
0.03800000
0.03800000
0.03700000
0.04000000
0.04000000
0.03900000
0.04200000
0.04200000
0.04300000
0.04400000
0.04400000
0.04300000
0.04600000
0.04700000
0.04800000
0.04900000
0.04800000
0.04900000
0.05000000
0.05000000
0.05100000
0.05200000
0.05200000
0.05400000
0.05600000
0.05600000
0.06700000
0.05800000
0.05700000
0.05800000
0.05900000
0.06100000
0.05900000
0.06300000
0.06300000
0.06200000
0.06600000
0.06400000
0.06600000
0.07000000
0.06800000
0.06800000
0.06900000
0.07200000
0.07200000
0.07300000
0.07400000
0.07400000
0.07400000
0.07700000
0.07500000
0.07900000
0.07600000
0.07700000
0.08000000
0.08200000
0.08100000
0.08400000
0.08500000
0.09800000
0.09000000
0.08800000
0.08500000
0.09000000
0.09100000
0.09000000
0.09600000
0.09800000
0.09600000
0.09600000
0.09600000
0.09500000
0.10000000
0.09800000
0.09800000
0.10200000
0.10900000
0.10700000
0.11300000
0.11000000
0.10900000
0.11100000
0.11000000
0.12400000
0.11300000
0.11500000
0.11200000
0.11700000
0.11400000
0.23000000
0.11700000
0.12300000
0.12100000
0.12400000
0.12600000
0.12800000
0.12300000
0.12400000
0.12800000
0.13100000
0.14200000
0.14300000
0.13800000
0.41100000
0.14900000
0.16200000
0.15500000
0.19700000
0.17200000
0.23200000
0.17400000
0.24400000
0.61800000
0.51600000
0.21600000
0.58700000
0.30200000
1.18500000
0.14600000
0.24400000
0.61700000
0.51300000
0.21600000
0.60400000
0.30300000
1.18300000
0.14700000
0.34600000
0.13100000
0.23200000
0.23000000
0.32500000
0.11700000
0.46500000
0.17100000
0.11500000
1.09200000
0.73100000
1.21300000
0.13400000
0.32100000
2.71600000
0.15500000
0.11700000
0.11500000
0.16700000
0.13200000
0.14000000
0.13900000
0.50600000
0.17200000
0.16100000
0.29600000
0.75700000
0.19800000
0.21500000
0.23900000
0.24100000
1.54400000
0.28400000
0.16900000
0.13300000
0.15900000
0.13100000
0.29400000
0.13700000
0.17000000
0.13400000
1.09300000
0.44300000
0.78300000
1.18900000
0.44000000
1.55000000
1.39300000
0.66900000
0.17500000
0.47500000
181.32100000
214.50400000
3.90700000
142.74100000
9.88300000
2.60700000
12.99500000
31.42600000
5.90600000
33.65000000
34.84300000
4.11000000
3.93300000
21.12200000
22.11500000
66.20200000
10.72400000
21.55600000
11.61200000
8.32500000
0.24800000
3.56700000
3.29800000
196.70800000
83.87000000
606.70300000
144.56000000
354.25400000
117.67300000
226.73100000
136.74300000
8.08900000
12.72100000
59.11600000
6.35900000
186.78000000
0.44100000
577.62600000
1.17400000
4.90700000
269.79000000
0.21300000
4.94500000
9.66200000
6.72900000
20.01900000
23.17300000
307.51500000
1.07400000
11.12600000
3.04300000
0.83900000
0.58200000
231.99800000
17.28800000
2.84900000
1.95600000
0.71600000
10.55000000
0.17400000
237.34800000
4.42700000
15.21700000
3.04900000
4.89900000
155.91100000
14.12900000
2.52200000
26.33900000
0.99400000
1.47700000
3.50300000
7.40700000
0.72700000
11.81900000
0.38600000
30.72000000
4.60500000
2.25800000
3.37800000
14.87300000
1.53200000
3.83400000
12.19400000
0.20800000
14.02500000
11.10400000
8.39700000
1.61400000
8.75200000
191.72000000
1.00300000
4.33500000
8.20500000
3.14400000
12.81500000
7.24100000
2.16600000
7.94200000
1.27000000
1.69200000
0.78700000
6.35500000
3.24100000
0.94500000
1.52000000
7.15900000
0.30900000
9.71300000
5.24400000
1.39900000
1.15700000
0.56200000
0.57900000
13.91400000
